Trial	audCue	audCueOnset	spaCueOnset	targOnset	targX	location	sacctype	dir	message	MRT	SRTFix	SRTSacc	numSaccades
1	1	0.263922	0.400000	0.450000	652.000000	right	saccade	left	GoodTrial	0.000000	0.000000	0.000000	0
2	1	0.119236	0.400000	0.450000	1268.000000	right	antisaccade	right	Fix_Error	0.000000	0.000000	0.000000	0
3	0	0.125603	0.400000	0.450000	1268.000000	centre	saccade	right	GoodTrial	0.000000	0.000000	0.733634	0
4	0	0.335413	0.400000	0.450000	1268.000000	centre	saccade	right	GoodTrial	0.000000	0.000000	0.838429	0
5	0	0.247489	0.400000	0.450000	652.000000	centre	saccade	left	GoodTrial	0.000000	0.000000	0.554172	0
6	0	0.249935	0.400000	0.450000	1268.000000	right	antisaccade	right	GoodTrial	0.000000	0.000000	0.807176	0
7	0	0.272899	0.400000	0.450000	1268.000000	left	saccade	right	GoodTrial	0.000000	0.000000	0.519164	0
8	0	0.573763	0.400000	0.450000	652.000000	right	saccade	left	GoodTrial	0.000000	0.000000	0.346815	0
9	0	0.553045	0.400000	0.450000	1268.000000	left	antisaccade	right	GoodTrial	0.000000	0.000000	0.000000	0
10	1	0.497573	0.400000	0.450000	652.000000	right	saccade	left	GoodTrial	0.000000	0.000000	0.527614	0
11	0	0.525862	0.400000	0.450000	1268.000000	right	antisaccade	right	GoodTrial	0.000000	0.000000	0.532729	0
12	1	0.376872	0.400000	0.450000	652.000000	right	saccade	left	GoodTrial	0.000000	0.000000	0.413532	0
13	0	0.519860	0.400000	0.450000	652.000000	centre	saccade	left	GoodTrial	0.000000	0.000000	1.015532	0
14	0	0.128273	0.400000	0.450000	1268.000000	centre	saccade	right	GoodTrial	0.000000	0.000000	0.776009	0
15	1	0.134683	0.400000	0.450000	652.000000	centre	antisaccade	left	GoodTrial	0.000000	0.000000	0.431058	0
16	1	0.266454	0.400000	0.450000	1268.000000	right	antisaccade	right	GoodTrial	0.000000	0.000000	0.835003	0
17	1	0.481974	0.400000	0.450000	652.000000	left	antisaccade	left	GoodTrial	0.000000	0.000000	0.700580	0
18	0	0.412506	0.400000	0.450000	1268.000000	right	saccade	right	GoodTrial	0.000000	0.000000	0.669080	0
19	0	0.548603	0.400000	0.450000	652.000000	centre	antisaccade	left	GoodTrial	0.000000	0.000000	0.514771	0
20	1	0.188451	0.400000	0.450000	652.000000	left	saccade	left	GoodTrial	0.000000	0.000000	0.558223	0
21	1	0.266011	0.400000	0.450000	1268.000000	left	antisaccade	right	GoodTrial	0.000000	0.000000	0.736352	0
22	1	0.391696	0.400000	0.450000	652.000000	left	saccade	left	GoodTrial	0.000000	0.000000	0.430316	0
23	0	0.350320	0.400000	0.450000	1268.000000	right	saccade	right	GoodTrial	0.000000	0.000000	0.501283	0
24	0	0.127164	0.400000	0.450000	1268.000000	centre	antisaccade	right	GoodTrial	0.000000	0.000000	0.837140	0
25	0	0.173086	0.400000	0.450000	1268.000000	centre	saccade	right	GoodTrial	0.000000	0.000000	0.567254	0
26	1	0.104758	0.400000	0.450000	1268.000000	left	antisaccade	right	GoodTrial	0.000000	0.000000	0.908378	0
27	0	0.321172	0.400000	0.450000	652.000000	centre	saccade	left	GoodTrial	0.000000	0.000000	0.749004	0
28	0	0.403926	0.400000	0.450000	1268.000000	centre	antisaccade	right	GoodTrial	0.000000	0.000000	0.571144	0
29	0	0.222371	0.400000	0.450000	1268.000000	right	antisaccade	right	GoodTrial	0.000000	0.000000	0.697729	0
30	1	0.438404	0.400000	0.450000	652.000000	right	saccade	left	GoodTrial	0.000000	0.000000	1.276019	0
31	1	0.512407	0.400000	0.450000	1268.000000	left	antisaccade	right	GoodTrial	0.000000	0.000000	0.543745	0
32	1	0.553603	0.400000	0.450000	652.000000	right	antisaccade	left	GoodTrial	0.000000	0.000000	0.000000	0
33	1	0.548873	0.400000	0.450000	652.000000	centre	antisaccade	left	GoodTrial	0.000000	0.000000	0.531656	0
34	0	0.274207	0.400000	0.450000	1268.000000	right	saccade	right	GoodTrial	0.000000	0.000000	0.543742	0
35	1	0.400123	0.400000	0.450000	652.000000	centre	antisaccade	left	GoodTrial	0.000000	0.000000	0.000000	0
36	1	0.461011	0.400000	0.450000	1268.000000	centre	saccade	right	GoodTrial	0.000000	0.000000	0.927925	0
37	1	0.434896	0.400000	0.450000	1268.000000	left	antisaccade	right	GoodTrial	0.000000	0.000000	0.000000	0
38	1	0.322992	0.400000	0.450000	652.000000	right	antisaccade	left	GoodTrial	0.000000	0.000000	0.728064	0
39	0	0.187686	0.400000	0.450000	1268.000000	right	saccade	right	GoodTrial	0.000000	0.000000	0.532801	0
40	1	0.221235	0.400000	0.450000	652.000000	left	antisaccade	left	GoodTrial	0.000000	0.000000	0.709365	0
41	1	0.102298	0.400000	0.450000	652.000000	left	saccade	left	GoodTrial	0.000000	0.000000	0.608378	0
42	0	0.466600	0.400000	0.450000	1268.000000	right	saccade	right	GoodTrial	0.000000	0.000000	0.498178	0
43	0	0.271567	0.400000	0.450000	652.000000	right	antisaccade	left	GoodTrial	0.000000	0.000000	0.900649	0
44	1	0.294133	0.400000	0.450000	652.000000	left	antisaccade	left	GoodTrial	0.000000	0.000000	0.680151	0
45	1	0.117925	0.400000	0.450000	1268.000000	right	antisaccade	right	GoodTrial	0.000000	0.000000	0.570766	0
46	1	0.125790	0.400000	0.450000	1268.000000	right	saccade	right	GoodTrial	0.000000	0.000000	0.512886	0
47	1	0.460359	0.400000	0.450000	652.000000	left	antisaccade	left	GoodTrial	0.000000	0.000000	0.510602	0
48	1	0.565252	0.400000	0.450000	1268.000000	centre	antisaccade	right	GoodTrial	0.000000	0.000000	0.701816	0
49	0	0.500482	0.400000	0.450000	1268.000000	left	saccade	right	GoodTrial	0.000000	0.000000	0.000000	0
50	1	0.308096	0.400000	0.450000	652.000000	centre	saccade	left	GoodTrial	0.000000	0.000000	0.549946	0
51	1	0.211457	0.400000	0.450000	1268.000000	right	saccade	right	GoodTrial	0.000000	0.000000	0.835799	0
52	0	0.141764	0.400000	0.450000	1268.000000	right	antisaccade	right	GoodTrial	0.000000	0.000000	0.628478	0
53	1	0.585973	0.400000	0.450000	1268.000000	right	saccade	right	Fix_Error	0.000000	0.000000	0.000000	0
54	0	0.526118	0.400000	0.450000	652.000000	centre	saccade	left	GoodTrial	0.000000	0.000000	1.204031	0
55	0	0.204296	0.400000	0.450000	652.000000	centre	antisaccade	left	GoodTrial	0.000000	0.000000	1.327367	0
56	1	0.313224	0.400000	0.450000	652.000000	right	antisaccade	left	GoodTrial	0.000000	0.000000	1.390379	0
57	0	0.111784	0.400000	0.450000	652.000000	right	saccade	left	GoodTrial	0.000000	0.000000	0.526528	0
58	0	0.583135	0.400000	0.450000	1268.000000	centre	antisaccade	right	GoodTrial	0.000000	0.000000	0.728284	0
59	1	0.401103	0.400000	0.450000	1268.000000	left	saccade	right	GoodTrial	0.000000	0.000000	0.752533	0
60	1	0.197873	0.400000	0.450000	652.000000	centre	saccade	left	GoodTrial	0.000000	0.000000	0.371449	0
61	1	0.286119	0.400000	0.450000	652.000000	right	saccade	left	GoodTrial	0.000000	0.000000	0.481390	0
62	0	0.327927	0.400000	0.450000	652.000000	centre	antisaccade	left	GoodTrial	0.000000	0.000000	0.921703	0
63	1	0.586483	0.400000	0.450000	652.000000	centre	saccade	left	GoodTrial	0.000000	0.000000	0.470927	0
64	1	0.565069	0.400000	0.450000	1268.000000	left	saccade	right	GoodTrial	0.000000	0.000000	0.985858	0
65	1	0.472549	0.400000	0.450000	1268.000000	centre	antisaccade	right	GoodTrial	0.000000	0.000000	1.506941	0
66	0	0.153356	0.400000	0.450000	652.000000	left	antisaccade	left	GoodTrial	0.000000	0.000000	0.595078	0
67	0	0.594442	0.400000	0.450000	652.000000	right	antisaccade	left	GoodTrial	0.000000	0.000000	0.000000	0
68	1	0.448061	0.400000	0.450000	1268.000000	left	antisaccade	right	GoodTrial	0.000000	0.000000	0.573410	0
69	1	0.122888	0.400000	0.450000	1268.000000	right	antisaccade	right	GoodTrial	0.000000	0.000000	0.593941	0
70	1	0.523286	0.400000	0.450000	652.000000	left	saccade	left	GoodTrial	0.000000	0.000000	1.001775	0
71	0	0.550074	0.400000	0.450000	1268.000000	centre	saccade	right	GoodTrial	0.000000	0.000000	0.481673	0
72	1	0.527472	0.400000	0.450000	1268.000000	right	antisaccade	right	GoodTrial	0.000000	0.000000	0.617742	0
73	1	0.125849	0.400000	0.450000	1268.000000	left	saccade	right	GoodTrial	0.000000	0.000000	0.631566	0
74	1	0.406491	0.400000	0.450000	1268.000000	centre	antisaccade	right	GoodTrial	0.000000	0.000000	1.180289	0
75	1	0.596585	0.400000	0.450000	1268.000000	left	antisaccade	right	Fix_Error	0.000000	0.000000	0.000000	0
76	0	0.359369	0.400000	0.450000	1268.000000	centre	antisaccade	right	GoodTrial	0.000000	0.000000	0.709367	0
77	1	0.111949	0.400000	0.450000	652.000000	right	antisaccade	left	GoodTrial	0.000000	0.000000	0.000000	0
78	1	0.513074	0.400000	0.450000	1268.000000	centre	antisaccade	right	GoodTrial	0.000000	0.000000	1.353771	0
79	1	0.516896	0.400000	0.450000	652.000000	right	antisaccade	left	GoodTrial	0.000000	0.000000	0.000000	0
80	0	0.328304	0.400000	0.450000	1268.000000	centre	saccade	right	GoodTrial	0.000000	0.000000	1.321417	0
81	1	0.419663	0.400000	0.450000	652.000000	centre	saccade	left	GoodTrial	0.000000	0.000000	0.720339	0
82	0	0.370967	0.400000	0.450000	1268.000000	centre	saccade	right	GoodTrial	0.000000	0.000000	0.664200	0
83	0	0.575379	0.400000	0.450000	1268.000000	centre	saccade	right	GoodTrial	0.000000	0.000000	0.530003	0
84	0	0.546316	0.400000	0.450000	1268.000000	left	antisaccade	right	GoodTrial	0.000000	0.000000	1.249407	0
85	0	0.242341	0.400000	0.450000	1268.000000	left	antisaccade	right	GoodTrial	0.000000	0.000000	0.000000	0
86	0	0.309209	0.400000	0.450000	652.000000	right	saccade	left	GoodTrial	0.000000	0.000000	0.569619	0
87	1	0.403707	0.400000	0.450000	1268.000000	centre	antisaccade	right	GoodTrial	0.000000	0.000000	0.000000	0
88	0	0.470655	0.400000	0.450000	1268.000000	centre	saccade	right	Fix_Error	0.000000	0.000000	0.000000	0
89	1	0.242217	0.400000	0.450000	652.000000	right	antisaccade	left	GoodTrial	0.000000	0.000000	1.198098	0
90	1	0.567057	0.400000	0.450000	1268.000000	left	saccade	right	GoodTrial	0.000000	0.000000	1.087995	0
91	0	0.120052	0.400000	0.450000	652.000000	centre	saccade	left	GoodTrial	0.000000	0.000000	0.536602	0
92	0	0.360837	0.400000	0.450000	652.000000	centre	saccade	left	Fix_Error	0.000000	0.000000	0.000000	0
93	1	0.100233	0.400000	0.450000	652.000000	right	antisaccade	left	GoodTrial	0.000000	0.000000	1.336527	0
94	1	0.376665	0.400000	0.450000	652.000000	centre	antisaccade	left	GoodTrial	0.000000	0.000000	1.045386	0
95	1	0.440858	0.400000	0.450000	1268.000000	centre	antisaccade	right	GoodTrial	0.000000	0.000000	0.565322	0
96	0	0.572084	0.400000	0.450000	1268.000000	right	saccade	right	GoodTrial	0.000000	0.000000	0.736226	0
97	0	0.224228	0.400000	0.450000	1268.000000	right	antisaccade	right	GoodTrial	0.000000	0.000000	0.642011	0
98	1	0.505947	0.400000	0.450000	1268.000000	right	antisaccade	right	GoodTrial	0.000000	0.000000	0.610701	0
99	0	0.369220	0.400000	0.450000	1268.000000	right	antisaccade	right	GoodTrial	0.000000	0.000000	0.505580	0
100	0	0.167111	0.400000	0.450000	652.000000	centre	saccade	left	GoodTrial	0.000000	0.000000	1.224794	0
101	1	0.277923	0.400000	0.450000	1268.000000	centre	saccade	right	GoodTrial	0.000000	0.000000	1.465952	0
102	0	0.207419	0.400000	0.450000	1268.000000	right	antisaccade	right	GoodTrial	0.000000	0.000000	0.000000	0
103	1	0.354468	0.400000	0.450000	652.000000	left	saccade	left	GoodTrial	0.000000	0.000000	0.520166	0
104	1	0.577172	0.400000	0.450000	1268.000000	centre	saccade	right	GoodTrial	0.000000	0.000000	0.366290	0
105	0	0.468296	0.400000	0.450000	1268.000000	right	saccade	right	GoodTrial	0.000000	0.000000	0.000000	0
106	0	0.546740	0.400000	0.450000	1268.000000	centre	antisaccade	right	GoodTrial	0.000000	0.000000	1.533335	0
107	0	0.119231	0.400000	0.450000	1268.000000	left	antisaccade	right	GoodTrial	0.000000	0.000000	0.585781	0
108	0	0.207493	0.400000	0.450000	1268.000000	left	antisaccade	right	GoodTrial	0.000000	0.000000	1.411768	0
109	0	0.144134	0.400000	0.450000	1268.000000	right	saccade	right	GoodTrial	0.000000	0.000000	0.474174	0
110	1	0.499109	0.400000	0.450000	652.000000	right	saccade	left	GoodTrial	0.000000	0.000000	0.516511	0
111	0	0.285649	0.400000	0.450000	1268.000000	left	saccade	right	GoodTrial	0.000000	0.000000	0.491533	0
112	0	0.107089	0.400000	0.450000	652.000000	centre	antisaccade	left	GoodTrial	0.000000	0.000000	0.580461	0
113	1	0.184662	0.400000	0.450000	652.000000	centre	saccade	left	GoodTrial	0.000000	0.000000	0.621309	0
114	1	0.249227	0.400000	0.450000	1268.000000	centre	saccade	right	GoodTrial	0.000000	0.000000	0.490448	0
115	1	0.457798	0.400000	0.450000	1268.000000	right	antisaccade	right	Fix_Error	0.000000	0.000000	0.000000	0
116	0	0.374412	0.400000	0.450000	652.000000	right	saccade	left	GoodTrial	0.000000	0.000000	0.587955	0
117	0	0.466148	0.400000	0.450000	652.000000	right	saccade	left	GoodTrial	0.000000	0.000000	0.464470	0
118	0	0.271124	0.400000	0.450000	652.000000	left	saccade	left	GoodTrial	0.000000	0.000000	0.486759	0
119	0	0.368111	0.400000	0.450000	652.000000	centre	antisaccade	left	GoodTrial	0.000000	0.000000	1.182531	0
120	1	0.576416	0.400000	0.450000	1268.000000	right	saccade	right	GoodTrial	0.000000	0.000000	0.629494	0
121	0	0.417117	0.400000	0.450000	1268.000000	left	antisaccade	right	Fix_Error	0.000000	0.000000	0.000000	0
122	0	0.432229	0.400000	0.450000	652.000000	left	saccade	left	GoodTrial	0.000000	0.000000	0.547663	0
123	0	0.115521	0.400000	0.450000	652.000000	centre	antisaccade	left	GoodTrial	0.000000	0.000000	1.333949	0
124	0	0.423435	0.400000	0.450000	652.000000	left	saccade	left	GoodTrial	0.000000	0.000000	0.466870	0
125	0	0.122860	0.400000	0.450000	652.000000	right	antisaccade	left	GoodTrial	0.000000	0.000000	1.208364	0
126	1	0.583245	0.400000	0.450000	652.000000	centre	saccade	left	GoodTrial	0.000000	0.000000	0.487163	0
127	1	0.317590	0.400000	0.450000	652.000000	centre	saccade	left	GoodTrial	0.000000	0.000000	0.458472	0
128	1	0.595892	0.400000	0.450000	1268.000000	right	saccade	right	GoodTrial	0.000000	0.000000	0.448388	0
129	1	0.324287	0.400000	0.450000	1268.000000	right	saccade	right	GoodTrial	0.000000	0.000000	0.500803	0
130	1	0.410625	0.400000	0.450000	1268.000000	left	saccade	right	GoodTrial	0.000000	0.000000	0.487533	0
131	0	0.386158	0.400000	0.450000	652.000000	right	antisaccade	left	GoodTrial	0.000000	0.000000	0.731870	0
132	1	0.140322	0.400000	0.450000	1268.000000	left	antisaccade	right	GoodTrial	0.000000	0.000000	0.917707	0
133	1	0.565960	0.400000	0.450000	1268.000000	left	saccade	right	GoodTrial	0.000000	0.000000	0.451725	0
134	1	0.549560	0.400000	0.450000	652.000000	left	saccade	left	GoodTrial	0.000000	0.000000	0.665005	0
135	0	0.434706	0.400000	0.450000	1268.000000	right	antisaccade	right	GoodTrial	0.000000	0.000000	0.545567	0
136	1	0.106780	0.400000	0.450000	652.000000	right	saccade	left	Fix_Error	0.000000	0.000000	0.000000	0
137	1	0.154058	0.400000	0.450000	1268.000000	right	antisaccade	right	GoodTrial	0.000000	0.000000	0.540161	0
138	0	0.503814	0.400000	0.450000	652.000000	left	antisaccade	left	GoodTrial	0.000000	0.000000	0.709677	0
139	0	0.521416	0.400000	0.450000	652.000000	centre	antisaccade	left	GoodTrial	0.000000	0.000000	0.667474	0
140	1	0.159309	0.400000	0.450000	1268.000000	right	antisaccade	right	GoodTrial	0.000000	0.000000	0.571537	0
141	0	0.329297	0.400000	0.450000	1268.000000	centre	antisaccade	right	GoodTrial	0.000000	0.000000	0.495233	0
142	0	0.430724	0.400000	0.450000	652.000000	left	antisaccade	left	GoodTrial	0.000000	0.000000	0.651761	0
143	1	0.417183	0.400000	0.450000	652.000000	left	antisaccade	left	Fix_Error	0.000000	0.000000	0.000000	0
144	1	0.291399	0.400000	0.450000	1268.000000	centre	saccade	right	GoodTrial	0.000000	0.000000	0.601907	0
145	1	0.341272	0.400000	0.450000	652.000000	left	saccade	left	GoodTrial	0.000000	0.000000	0.466626	0
146	0	0.252853	0.400000	0.450000	652.000000	centre	antisaccade	left	GoodTrial	0.000000	0.000000	0.646642	0
147	1	0.498808	0.400000	0.450000	652.000000	left	antisaccade	left	GoodTrial	0.000000	0.000000	0.553263	0
148	1	0.435226	0.400000	0.450000	652.000000	left	saccade	left	GoodTrial	0.000000	0.000000	0.426139	0
149	0	0.517255	0.400000	0.450000	652.000000	left	saccade	left	GoodTrial	0.000000	0.000000	0.969962	0
150	0	0.352105	0.400000	0.450000	652.000000	right	antisaccade	left	GoodTrial	0.000000	0.000000	1.241729	0
151	0	0.375796	0.400000	0.450000	652.000000	centre	saccade	left	GoodTrial	0.000000	0.000000	0.868382	0
152	1	0.490312	0.400000	0.450000	652.000000	right	antisaccade	left	GoodTrial	0.000000	0.000000	0.756327	0
153	0	0.468660	0.400000	0.450000	1268.000000	centre	antisaccade	right	GoodTrial	0.000000	0.000000	0.551584	0
154	1	0.360323	0.400000	0.450000	652.000000	centre	antisaccade	left	GoodTrial	0.000000	0.000000	0.561958	0
155	0	0.408982	0.400000	0.450000	652.000000	centre	antisaccade	left	GoodTrial	0.000000	0.000000	0.553598	0
156	0	0.454328	0.400000	0.450000	1268.000000	left	saccade	right	GoodTrial	0.000000	0.000000	1.621556	0
157	0	0.389467	0.400000	0.450000	1268.000000	right	antisaccade	right	GoodTrial	0.000000	0.000000	0.771307	0
158	0	0.317235	0.400000	0.450000	1268.000000	left	saccade	right	GoodTrial	0.000000	0.000000	1.493595	0
159	1	0.542286	0.400000	0.450000	1268.000000	centre	antisaccade	right	Fix_Error	0.000000	0.000000	0.000000	0
160	1	0.267445	0.400000	0.450000	1268.000000	left	antisaccade	right	GoodTrial	0.000000	0.000000	0.837144	0
161	1	0.459353	0.400000	0.450000	1268.000000	centre	antisaccade	right	GoodTrial	0.000000	0.000000	0.593399	0
162	1	0.550029	0.400000	0.450000	1268.000000	left	antisaccade	right	GoodTrial	0.000000	0.000000	0.796034	0
163	1	0.302526	0.400000	0.450000	1268.000000	right	saccade	right	GoodTrial	0.000000	0.000000	0.575708	0
164	1	0.197976	0.400000	0.450000	1268.000000	left	antisaccade	right	GoodTrial	0.000000	0.000000	1.140039	0
165	0	0.504821	0.400000	0.450000	652.000000	left	antisaccade	left	GoodTrial	0.000000	0.000000	1.168860	0
166	1	0.538816	0.400000	0.450000	652.000000	left	saccade	left	GoodTrial	0.000000	0.000000	0.000000	0
167	0	0.231902	0.400000	0.450000	652.000000	left	antisaccade	left	GoodTrial	0.000000	0.000000	0.647715	0
168	0	0.301770	0.400000	0.450000	652.000000	centre	saccade	left	GoodTrial	0.000000	0.000000	0.604057	0
169	0	0.444667	0.400000	0.450000	652.000000	left	saccade	left	GoodTrial	0.000000	0.000000	0.576743	0
170	0	0.303654	0.400000	0.450000	1268.000000	left	antisaccade	right	GoodTrial	0.000000	0.000000	0.698037	0
171	0	0.311621	0.400000	0.450000	1268.000000	centre	antisaccade	right	GoodTrial	0.000000	0.000000	0.786147	0
172	0	0.442064	0.400000	0.450000	652.000000	right	saccade	left	GoodTrial	0.000000	0.000000	0.587810	0
173	1	0.142693	0.400000	0.450000	652.000000	right	saccade	left	GoodTrial	0.000000	0.000000	0.597279	0
174	1	0.121460	0.400000	0.450000	1268.000000	right	saccade	right	GoodTrial	0.000000	0.000000	0.477843	0
175	0	0.215544	0.400000	0.450000	652.000000	right	antisaccade	left	GoodTrial	0.000000	0.000000	0.616218	0
176	0	0.478242	0.400000	0.450000	1268.000000	centre	saccade	right	GoodTrial	0.000000	0.000000	0.419512	0
177	1	0.590831	0.400000	0.450000	652.000000	right	antisaccade	left	GoodTrial	0.000000	0.000000	0.827267	0
178	0	0.350880	0.400000	0.450000	1268.000000	right	saccade	right	GoodTrial	0.000000	0.000000	0.449471	0
179	0	0.575747	0.400000	0.450000	1268.000000	centre	antisaccade	right	GoodTrial	0.000000	0.000000	0.834949	0
180	1	0.253001	0.400000	0.450000	1268.000000	right	saccade	right	GoodTrial	0.000000	0.000000	0.441953	0
181	0	0.231012	0.400000	0.450000	1268.000000	left	antisaccade	right	GoodTrial	0.000000	0.000000	0.667401	0
182	0	0.196423	0.400000	0.450000	652.000000	centre	antisaccade	left	GoodTrial	0.000000	0.000000	0.994562	0
183	0	0.514047	0.400000	0.450000	1268.000000	right	antisaccade	right	Fix_Error	0.000000	0.000000	0.000000	0
184	0	0.128405	0.400000	0.450000	652.000000	right	saccade	left	GoodTrial	0.000000	0.000000	0.595637	0
185	1	0.558600	0.400000	0.450000	652.000000	right	antisaccade	left	GoodTrial	0.000000	0.000000	1.099651	0
186	0	0.124311	0.400000	0.450000	1268.000000	right	antisaccade	right	GoodTrial	0.000000	0.000000	1.420432	0
187	0	0.337145	0.400000	0.450000	1268.000000	right	saccade	right	GoodTrial	0.000000	0.000000	0.000000	0
188	1	0.322835	0.400000	0.450000	652.000000	centre	saccade	left	GoodTrial	0.000000	0.000000	0.428141	0
189	0	0.212223	0.400000	0.450000	652.000000	left	saccade	left	GoodTrial	0.000000	0.000000	1.214806	0
190	0	0.200671	0.400000	0.450000	652.000000	left	saccade	left	GoodTrial	0.000000	0.000000	0.469897	0
191	1	0.340139	0.400000	0.450000	652.000000	left	antisaccade	left	GoodTrial	0.000000	0.000000	0.941204	0
192	1	0.480003	0.400000	0.450000	652.000000	left	saccade	left	GoodTrial	0.000000	0.000000	0.000000	0
193	1	0.492328	0.400000	0.450000	1268.000000	centre	saccade	right	GoodTrial	0.000000	0.000000	1.261087	0
194	0	0.505547	0.400000	0.450000	652.000000	left	antisaccade	left	GoodTrial	0.000000	0.000000	0.857722	0
195	0	0.294679	0.400000	0.450000	652.000000	right	antisaccade	left	GoodTrial	0.000000	0.000000	0.000000	0
196	1	0.323095	0.400000	0.450000	1268.000000	right	antisaccade	right	GoodTrial	0.000000	0.000000	0.701800	0
197	0	0.583491	0.400000	0.450000	1268.000000	right	saccade	right	GoodTrial	0.000000	0.000000	0.596364	0
198	1	0.324676	0.400000	0.450000	652.000000	centre	saccade	left	GoodTrial	0.000000	0.000000	0.777244	0
199	0	0.392440	0.400000	0.450000	1268.000000	centre	saccade	right	GoodTrial	0.000000	0.000000	0.632276	0
200	0	0.269980	0.400000	0.450000	652.000000	centre	saccade	left	GoodTrial	0.000000	0.000000	0.763793	0
201	0	0.308586	0.400000	0.450000	1268.000000	centre	antisaccade	right	GoodTrial	0.000000	0.000000	0.778359	0
202	0	0.486971	0.400000	0.450000	652.000000	left	saccade	left	GoodTrial	0.000000	0.000000	0.528454	0
203	1	0.115980	0.400000	0.450000	1268.000000	centre	antisaccade	right	GoodTrial	0.000000	0.000000	0.000000	0
204	1	0.414666	0.400000	0.450000	1268.000000	right	antisaccade	right	Fix_Error	0.000000	0.000000	0.000000	0
205	1	0.209206	0.400000	0.450000	652.000000	right	saccade	left	GoodTrial	0.000000	0.000000	0.541167	0
206	1	0.382887	0.400000	0.450000	1268.000000	right	saccade	right	GoodTrial	0.000000	0.000000	0.479832	0
207	0	0.461508	0.400000	0.450000	1268.000000	left	antisaccade	right	GoodTrial	0.000000	0.000000	1.077497	0
208	1	0.277055	0.400000	0.450000	652.000000	centre	saccade	left	GoodTrial	0.000000	0.000000	0.398966	0
209	1	0.324791	0.400000	0.450000	652.000000	left	antisaccade	left	GoodTrial	0.000000	0.000000	0.984069	0
210	0	0.101182	0.400000	0.450000	1268.000000	right	antisaccade	right	GoodTrial	0.000000	0.000000	1.647258	0
211	1	0.285371	0.400000	0.450000	1268.000000	centre	antisaccade	right	GoodTrial	0.000000	0.000000	1.365088	0
212	0	0.233178	0.400000	0.450000	652.000000	centre	saccade	left	GoodTrial	0.000000	0.000000	0.587011	0
213	1	0.276297	0.400000	0.450000	1268.000000	right	antisaccade	right	GoodTrial	0.000000	0.000000	1.489847	0
214	0	0.566594	0.400000	0.450000	652.000000	left	antisaccade	left	GoodTrial	0.000000	0.000000	0.695458	0
215	1	0.552680	0.400000	0.450000	652.000000	centre	antisaccade	left	GoodTrial	0.000000	0.000000	1.342434	0
216	1	0.407554	0.400000	0.450000	1268.000000	left	antisaccade	right	GoodTrial	0.000000	0.000000	0.648547	0
217	0	0.512606	0.400000	0.450000	652.000000	right	saccade	left	GoodTrial	0.000000	0.000000	0.526857	0
218	1	0.533219	0.400000	0.450000	1268.000000	centre	saccade	right	Fix_Error	0.000000	0.000000	0.000000	0
219	0	0.495583	0.400000	0.450000	652.000000	right	saccade	left	GoodTrial	0.000000	0.000000	0.587710	0
220	1	0.414480	0.400000	0.450000	652.000000	centre	saccade	left	GoodTrial	0.000000	0.000000	0.462299	0
221	1	0.399068	0.400000	0.450000	652.000000	centre	antisaccade	left	GoodTrial	0.000000	0.000000	0.000000	0
222	0	0.284552	0.400000	0.450000	1268.000000	centre	antisaccade	right	GoodTrial	0.000000	0.000000	0.658273	0
223	0	0.108540	0.400000	0.450000	652.000000	right	antisaccade	left	GoodTrial	0.000000	0.000000	0.690613	0
224	1	0.440560	0.400000	0.450000	1268.000000	left	saccade	right	GoodTrial	0.000000	0.000000	1.297292	0
225	0	0.483574	0.400000	0.450000	1268.000000	right	saccade	right	GoodTrial	0.000000	0.000000	0.492724	0
226	0	0.382123	0.400000	0.450000	652.000000	left	saccade	left	GoodTrial	0.000000	0.000000	0.616898	0
227	0	0.265822	0.400000	0.450000	1268.000000	centre	antisaccade	right	GoodTrial	0.000000	0.000000	0.721397	0
228	1	0.304134	0.400000	0.450000	1268.000000	right	antisaccade	right	GoodTrial	0.000000	0.000000	0.772577	0
229	1	0.471992	0.400000	0.450000	652.000000	centre	antisaccade	left	GoodTrial	0.000000	0.000000	1.091644	0
230	0	0.425828	0.400000	0.450000	1268.000000	left	antisaccade	right	GoodTrial	0.000000	0.000000	0.000000	0
231	0	0.172057	0.400000	0.450000	1268.000000	left	antisaccade	right	GoodTrial	0.000000	0.000000	0.964047	0
232	1	0.468082	0.400000	0.450000	652.000000	left	saccade	left	GoodTrial	0.000000	0.000000	0.532870	0
233	0	0.448882	0.400000	0.450000	1268.000000	centre	antisaccade	right	GoodTrial	0.000000	0.000000	0.694803	0
234	1	0.340059	0.400000	0.450000	652.000000	right	antisaccade	left	GoodTrial	0.000000	0.000000	0.626550	0
235	1	0.198560	0.400000	0.450000	1268.000000	right	saccade	right	GoodTrial	0.000000	0.000000	0.803478	0
236	0	0.314382	0.400000	0.450000	652.000000	centre	antisaccade	left	GoodTrial	0.000000	0.000000	0.000000	0
237	1	0.516541	0.400000	0.450000	1268.000000	centre	antisaccade	right	GoodTrial	0.000000	0.000000	0.577069	0
238	1	0.573060	0.400000	0.450000	1268.000000	centre	antisaccade	right	GoodTrial	0.000000	0.000000	0.651694	0
239	1	0.469169	0.400000	0.450000	1268.000000	centre	saccade	right	GoodTrial	0.000000	0.000000	0.000000	0
240	1	0.594899	0.400000	0.450000	1268.000000	left	antisaccade	right	GoodTrial	0.000000	0.000000	0.588226	0
241	0	0.496139	0.400000	0.450000	652.000000	left	antisaccade	left	GoodTrial	0.000000	0.000000	1.390117	0
242	1	0.283357	0.400000	0.450000	1268.000000	right	saccade	right	GoodTrial	0.000000	0.000000	0.483225	0
243	0	0.441539	0.400000	0.450000	652.000000	centre	saccade	left	GoodTrial	0.000000	0.000000	0.439012	0
244	0	0.439091	0.400000	0.450000	1268.000000	left	saccade	right	GoodTrial	0.000000	0.000000	0.459161	0
245	0	0.290832	0.400000	0.450000	1268.000000	centre	antisaccade	right	GoodTrial	0.000000	0.000000	0.685302	0
246	0	0.519646	0.400000	0.450000	1268.000000	right	saccade	right	GoodTrial	0.000000	0.000000	0.537793	0
247	1	0.213141	0.400000	0.450000	1268.000000	centre	antisaccade	right	GoodTrial	0.000000	0.000000	0.548423	0
248	0	0.279323	0.400000	0.450000	1268.000000	left	saccade	right	GoodTrial	0.000000	0.000000	0.790257	0
249	1	0.264427	0.400000	0.450000	1268.000000	right	saccade	right	GoodTrial	0.000000	0.000000	0.463488	0
250	0	0.315531	0.400000	0.450000	652.000000	left	antisaccade	left	GoodTrial	0.000000	0.000000	1.272280	0
251	0	0.379705	0.400000	0.450000	1268.000000	centre	saccade	right	GoodTrial	0.000000	0.000000	0.938451	0
252	0	0.230897	0.400000	0.450000	1268.000000	left	saccade	right	GoodTrial	0.000000	0.000000	0.475989	0
253	0	0.172669	0.400000	0.450000	1268.000000	left	saccade	right	GoodTrial	0.000000	0.000000	0.507278	0
254	1	0.444868	0.400000	0.450000	652.000000	left	antisaccade	left	GoodTrial	0.000000	0.000000	0.000000	0
255	0	0.416386	0.400000	0.450000	652.000000	left	saccade	left	GoodTrial	0.000000	0.000000	0.625836	0
256	0	0.587698	0.400000	0.450000	652.000000	right	antisaccade	left	GoodTrial	0.000000	0.000000	1.281729	0
257	1	0.158669	0.400000	0.450000	652.000000	right	antisaccade	left	GoodTrial	0.000000	0.000000	0.000000	0
258	1	0.198741	0.400000	0.450000	1268.000000	left	saccade	right	GoodTrial	0.000000	0.000000	0.592353	0
259	1	0.597484	0.400000	0.450000	652.000000	centre	antisaccade	left	GoodTrial	0.000000	0.000000	0.859458	0
260	1	0.511395	0.400000	0.450000	652.000000	centre	saccade	left	GoodTrial	0.000000	0.000000	0.000000	0
261	0	0.508291	0.400000	0.450000	652.000000	right	antisaccade	left	GoodTrial	0.000000	0.000000	0.000000	0
262	0	0.541415	0.400000	0.450000	652.000000	left	antisaccade	left	GoodTrial	0.000000	0.000000	0.643150	0
263	1	0.407154	0.400000	0.450000	652.000000	left	saccade	left	GoodTrial	0.000000	0.000000	0.492203	0
264	1	0.388818	0.400000	0.450000	1268.000000	left	saccade	right	GoodTrial	0.000000	0.000000	1.299957	0
265	0	0.372862	0.400000	0.450000	652.000000	right	antisaccade	left	GoodTrial	0.000000	0.000000	0.811775	0
266	1	0.454953	0.400000	0.450000	1268.000000	centre	saccade	right	GoodTrial	0.000000	0.000000	0.576776	0
267	0	0.468138	0.400000	0.450000	652.000000	left	antisaccade	left	GoodTrial	0.000000	0.000000	0.617350	0
268	1	0.268631	0.400000	0.450000	652.000000	left	antisaccade	left	GoodTrial	0.000000	0.000000	0.584835	0
269	0	0.160959	0.400000	0.450000	652.000000	left	saccade	left	Fix_Error	0.000000	0.000000	0.000000	0
270	1	0.224955	0.400000	0.450000	652.000000	left	antisaccade	left	Fix_Error	0.000000	0.000000	0.000000	0
271	0	0.179270	0.400000	0.450000	652.000000	right	saccade	left	GoodTrial	0.000000	0.000000	0.525901	0
272	1	0.524508	0.400000	0.450000	1268.000000	centre	saccade	right	GoodTrial	0.000000	0.000000	1.430082	0
273	0	0.229923	0.400000	0.450000	652.000000	left	saccade	left	GoodTrial	0.000000	0.000000	0.507636	0
274	1	0.503849	0.400000	0.450000	1268.000000	left	saccade	right	GoodTrial	0.000000	0.000000	0.531796	0
275	0	0.403702	0.400000	0.450000	1268.000000	left	saccade	right	GoodTrial	0.000000	0.000000	0.449080	0
276	1	0.596099	0.400000	0.450000	652.000000	centre	antisaccade	left	GoodTrial	0.000000	0.000000	0.748429	0
277	1	0.385317	0.400000	0.450000	652.000000	right	saccade	left	GoodTrial	0.000000	0.000000	0.513866	0
278	0	0.197290	0.400000	0.450000	652.000000	left	antisaccade	left	GoodTrial	0.000000	0.000000	0.559054	0
279	1	0.469486	0.400000	0.450000	652.000000	centre	antisaccade	left	GoodTrial	0.000000	0.000000	1.314845	0
280	1	0.318388	0.400000	0.450000	1268.000000	left	saccade	right	GoodTrial	0.000000	0.000000	0.462645	0
281	1	0.366604	0.400000	0.450000	1268.000000	left	antisaccade	right	GoodTrial	0.000000	0.000000	0.000000	0
282	1	0.348403	0.400000	0.450000	1268.000000	right	saccade	right	GoodTrial	0.000000	0.000000	0.501033	0
283	0	0.259693	0.400000	0.450000	652.000000	right	saccade	left	GoodTrial	0.000000	0.000000	0.503275	0
284	0	0.129773	0.400000	0.450000	1268.000000	left	saccade	right	GoodTrial	0.000000	0.000000	0.501280	0
285	0	0.522502	0.400000	0.450000	1268.000000	left	saccade	right	GoodTrial	0.000000	0.000000	0.444181	0
286	1	0.378710	0.400000	0.450000	652.000000	centre	antisaccade	left	GoodTrial	0.000000	0.000000	0.599878	0
287	0	0.307036	0.400000	0.450000	1268.000000	left	saccade	right	GoodTrial	0.000000	0.000000	0.443505	0
288	0	0.512473	0.400000	0.450000	1268.000000	left	saccade	right	GoodTrial	0.000000	0.000000	0.525723	0
289	0	0.502793	0.400000	0.450000	1268.000000	right	saccade	right	GoodTrial	0.000000	0.000000	0.457654	0
290	1	0.374550	0.400000	0.450000	652.000000	right	saccade	left	GoodTrial	0.000000	0.000000	0.469124	0
291	0	0.473700	0.400000	0.450000	652.000000	centre	saccade	left	GoodTrial	0.000000	0.000000	0.427910	0
292	0	0.393617	0.400000	0.450000	652.000000	centre	saccade	left	GoodTrial	0.000000	0.000000	0.471095	0
293	0	0.495640	0.400000	0.450000	652.000000	left	saccade	left	GoodTrial	0.000000	0.000000	0.478362	0
294	0	0.121343	0.400000	0.450000	652.000000	right	saccade	left	GoodTrial	0.000000	0.000000	0.569132	0
295	1	0.119185	0.400000	0.450000	1268.000000	right	antisaccade	right	GoodTrial	0.000000	0.000000	1.847487	0
296	0	0.352629	0.400000	0.450000	652.000000	centre	saccade	left	GoodTrial	0.000000	0.000000	1.040471	0
297	1	0.402072	0.400000	0.450000	1268.000000	centre	antisaccade	right	GoodTrial	0.000000	0.000000	0.552187	0
298	1	0.173313	0.400000	0.450000	1268.000000	right	saccade	right	GoodTrial	0.000000	0.000000	0.473594	0
299	0	0.542119	0.400000	0.450000	1268.000000	right	saccade	right	GoodTrial	0.000000	0.000000	0.505696	0
300	0	0.542953	0.400000	0.450000	1268.000000	left	antisaccade	right	GoodTrial	0.000000	0.000000	0.989951	0
301	1	0.445472	0.400000	0.450000	652.000000	left	antisaccade	left	GoodTrial	0.000000	0.000000	0.000000	0
302	1	0.384985	0.400000	0.450000	652.000000	right	antisaccade	left	GoodTrial	0.000000	0.000000	1.608221	0
303	1	0.328200	0.400000	0.450000	652.000000	left	antisaccade	left	GoodTrial	0.000000	0.000000	0.810182	0
304	0	0.256126	0.400000	0.450000	652.000000	left	antisaccade	left	GoodTrial	0.000000	0.000000	0.589537	0
305	0	0.400730	0.400000	0.450000	652.000000	centre	antisaccade	left	GoodTrial	0.000000	0.000000	0.502687	0
306	0	0.598268	0.400000	0.450000	652.000000	left	antisaccade	left	GoodTrial	0.000000	0.000000	0.557501	0
307	1	0.586339	0.400000	0.450000	652.000000	right	antisaccade	left	GoodTrial	0.000000	0.000000	1.189864	0
308	1	0.554666	0.400000	0.450000	652.000000	right	saccade	left	GoodTrial	0.000000	0.000000	0.549901	0
309	0	0.452547	0.400000	0.450000	652.000000	left	saccade	left	GoodTrial	0.000000	0.000000	0.894694	0
310	1	0.512035	0.400000	0.450000	652.000000	centre	antisaccade	left	GoodTrial	0.000000	0.000000	1.050339	0
311	0	0.297863	0.400000	0.450000	1268.000000	centre	saccade	right	Fix_Error	0.000000	0.000000	0.000000	0
312	1	0.214217	0.400000	0.450000	652.000000	right	saccade	left	GoodTrial	0.000000	0.000000	0.510844	0
313	0	0.436184	0.400000	0.450000	652.000000	right	antisaccade	left	GoodTrial	0.000000	0.000000	1.306939	0
314	1	0.552043	0.400000	0.450000	1268.000000	centre	antisaccade	right	GoodTrial	0.000000	0.000000	0.873652	0
315	0	0.321645	0.400000	0.450000	1268.000000	right	antisaccade	right	GoodTrial	0.000000	0.000000	1.204120	0
316	0	0.263342	0.400000	0.450000	652.000000	left	saccade	left	Fix_Error	0.000000	0.000000	0.000000	0
317	1	0.349244	0.400000	0.450000	652.000000	left	saccade	left	GoodTrial	0.000000	0.000000	0.572572	0
318	1	0.454806	0.400000	0.450000	1268.000000	left	antisaccade	right	GoodTrial	0.000000	0.000000	0.610965	0
319	0	0.176719	0.400000	0.450000	652.000000	right	antisaccade	left	GoodTrial	0.000000	0.000000	0.785061	0
320	1	0.288380	0.400000	0.450000	652.000000	right	saccade	left	GoodTrial	0.000000	0.000000	0.538283	0
321	1	0.272262	0.400000	0.450000	652.000000	left	saccade	left	GoodTrial	0.000000	0.000000	1.311296	0
322	1	0.178337	0.400000	0.450000	652.000000	centre	saccade	left	GoodTrial	0.000000	0.000000	0.454238	0
323	0	0.487081	0.400000	0.450000	652.000000	right	antisaccade	left	Fix_Error	0.000000	0.000000	0.000000	0
324	0	0.335688	0.400000	0.450000	1268.000000	centre	saccade	right	GoodTrial	0.000000	0.000000	0.536462	0
325	0	0.398912	0.400000	0.450000	1268.000000	left	antisaccade	right	GoodTrial	0.000000	0.000000	0.691819	0
326	0	0.294669	0.400000	0.450000	1268.000000	right	antisaccade	right	GoodTrial	0.000000	0.000000	0.598535	0
327	1	0.318329	0.400000	0.450000	652.000000	right	antisaccade	left	GoodTrial	0.000000	0.000000	0.000000	0
328	0	0.105696	0.400000	0.450000	1268.000000	centre	antisaccade	right	Fix_Error	0.000000	0.000000	0.000000	0
329	0	0.571273	0.400000	0.450000	1268.000000	left	saccade	right	GoodTrial	0.000000	0.000000	0.509977	0
330	1	0.121353	0.400000	0.450000	1268.000000	left	saccade	right	GoodTrial	0.000000	0.000000	0.000000	0
331	0	0.329262	0.400000	0.450000	652.000000	right	saccade	left	GoodTrial	0.000000	0.000000	0.509859	0
332	0	0.447948	0.400000	0.450000	652.000000	centre	antisaccade	left	GoodTrial	0.000000	0.000000	0.666896	0
333	0	0.370400	0.400000	0.450000	652.000000	right	saccade	left	Fix_Error	0.000000	0.000000	0.000000	0
334	0	0.164925	0.400000	0.450000	652.000000	centre	antisaccade	left	GoodTrial	0.000000	0.000000	1.555900	0
335	1	0.473830	0.400000	0.450000	1268.000000	left	saccade	right	GoodTrial	0.000000	0.000000	0.487464	0
336	1	0.189953	0.400000	0.450000	1268.000000	centre	saccade	right	GoodTrial	0.000000	0.000000	0.371976	0
337	1	0.514480	0.400000	0.450000	1268.000000	centre	saccade	right	GoodTrial	0.000000	0.000000	0.359056	0
338	0	0.281961	0.400000	0.450000	1268.000000	right	antisaccade	right	GoodTrial	0.000000	0.000000	0.782842	0
339	1	0.500052	0.400000	0.450000	1268.000000	centre	saccade	right	GoodTrial	0.000000	0.000000	0.536838	0
340	0	0.434972	0.400000	0.450000	652.000000	right	antisaccade	left	GoodTrial	0.000000	0.000000	1.220768	0
341	0	0.190420	0.400000	0.450000	1268.000000	left	antisaccade	right	GoodTrial	0.000000	0.000000	0.740910	0
342	1	0.208493	0.400000	0.450000	1268.000000	left	saccade	right	GoodTrial	0.000000	0.000000	0.473409	0
343	1	0.552635	0.400000	0.450000	652.000000	centre	antisaccade	left	GoodTrial	0.000000	0.000000	1.191210	0
344	1	0.299384	0.400000	0.450000	652.000000	left	antisaccade	left	Fix_Error	0.000000	0.000000	0.000000	0
345	0	0.324207	0.400000	0.450000	1268.000000	centre	saccade	right	GoodTrial	0.000000	0.000000	0.461587	0
346	1	0.420978	0.400000	0.450000	652.000000	centre	saccade	left	GoodTrial	0.000000	0.000000	0.458343	0
347	1	0.554453	0.400000	0.450000	1268.000000	centre	saccade	right	GoodTrial	0.000000	0.000000	0.362864	0
348	1	0.344569	0.400000	0.450000	652.000000	centre	saccade	left	GoodTrial	0.000000	0.000000	1.350099	0
349	1	0.387226	0.400000	0.450000	652.000000	right	saccade	left	GoodTrial	0.000000	0.000000	1.652392	0
350	1	0.515078	0.400000	0.450000	1268.000000	right	antisaccade	right	GoodTrial	0.000000	0.000000	0.558025	0
351	1	0.541144	0.400000	0.450000	1268.000000	left	antisaccade	right	GoodTrial	0.000000	0.000000	1.186983	0
352	0	0.484246	0.400000	0.450000	1268.000000	left	antisaccade	right	GoodTrial	0.000000	0.000000	0.499891	0
353	1	0.342686	0.400000	0.450000	652.000000	left	antisaccade	left	GoodTrial	0.000000	0.000000	0.513526	0
354	1	0.252164	0.400000	0.450000	652.000000	centre	antisaccade	left	GoodTrial	0.000000	0.000000	0.715095	0
355	0	0.304504	0.400000	0.450000	652.000000	centre	antisaccade	left	Fix_Error	0.000000	0.000000	0.000000	0
356	0	0.114018	0.400000	0.450000	652.000000	right	saccade	left	GoodTrial	0.000000	0.000000	0.471906	0
357	1	0.296841	0.400000	0.450000	652.000000	left	saccade	left	GoodTrial	0.000000	0.000000	0.363618	0
358	1	0.458329	0.400000	0.450000	1268.000000	centre	saccade	right	GoodTrial	0.000000	0.000000	0.395834	0
359	1	0.506423	0.400000	0.450000	1268.000000	left	saccade	right	GoodTrial	0.000000	0.000000	0.434896	0
360	0	0.151795	0.400000	0.450000	652.000000	left	antisaccade	left	GoodTrial	0.000000	0.000000	0.690248	0
